#   k = (   0.000000E+00,   0.000000E+00 )
#    l       s_l          Re(Sigma(k,l))   Im(Sigma(k,l))   abs(Sigma(k,l))
     1   1.64686550E+00  -1.54979496E-01  -9.55811677E-20   1.54979496E-01
     2   1.59587238E+00   3.06155650E-02  -6.06369664E-19   3.06155650E-02
     3   1.33893502E+00  -1.56592500E-01   1.22524941E-19   1.56592500E-01
     4   1.21631770E+00   2.81953170E-02  -5.25085559E-19   2.81953170E-02
     5   9.86556839E-01  -3.62925720E-02   1.99366265E-19   3.62925720E-02
     6   8.49018883E-01   7.48484536E-03  -1.31236260E-19   7.48484536E-03
     7   6.85092351E-01   5.58035805E-02  -2.23569859E-20   5.58035805E-02
     8   5.70860903E-01  -7.52747838E-03   7.62783801E-20   7.52747838E-03
     9   4.60634721E-01   5.52048753E-02  -1.88287511E-19   5.52048753E-02
    10   3.77165232E-01  -9.95589512E-03   3.53741708E-20   9.95589512E-03
    11   3.04047163E-01   1.25749922E-02  -1.01870664E-19   1.25749922E-02
    12   2.46494052E-01  -4.89703605E-03  -9.08595102E-20   4.89703605E-03
    13   1.98283818E-01  -1.33184102E-02  -1.56941865E-20   1.33184102E-02
    14   1.59750234E-01   4.68552017E-04  -1.55874339E-19   4.68552017E-04
    15   1.28161792E-01  -1.22825200E-02  -2.69807533E-20   1.22825200E-02
    16   1.02800315E-01   2.52734202E-03  -1.16613321E-19   2.52734202E-03
    17   8.22437059E-02  -2.33608174E-03  -4.61207083E-20   2.33608174E-03
    18   6.57413219E-02   1.73649119E-03  -1.95840453E-20   1.73649119E-03
    19   5.24542674E-02   2.81865630E-03  -9.15524381E-22   2.81865630E-03
    20   4.18077661E-02   2.16349429E-04   6.76325917E-20   2.16349429E-04
    21   3.32741342E-02   2.26675248E-03   5.23247584E-20   2.26675248E-03
    22   2.64530650E-02  -5.68076182E-04   1.07238940E-19   5.68076182E-04
    23   2.10044158E-02   2.89751447E-04   5.16976032E-20   2.89751447E-04
    24   1.66601795E-02  -4.82883638E-04   1.07854134E-19   4.82883638E-04
    25   1.31999060E-02  -5.55366523E-04   5.37185780E-21   5.55366523E-04
    26   1.04476935E-02  -9.67915298E-05   1.03025187E-19   9.67915298E-05
    27   8.26098018E-03  -3.62770512E-04  -2.89270198E-20   3.62770512E-04
    28   6.52568693E-03   1.26421743E-04   1.14645575E-19   1.26421743E-04
    29   5.15006437E-03  -8.63341819E-06  -1.91230138E-20   8.63341819E-06
    30   4.06074813E-03   1.16362619E-04   1.31020709E-19   1.16362619E-04
    31   3.19901180E-03   1.02743288E-04   8.73500027E-21   1.02743288E-04
    32   2.51798868E-03   2.30771329E-05   1.18517105E-19   2.30771329E-05
    33   1.98029091E-03   4.89079859E-05   2.41703300E-20   4.89079859E-05
    34   1.55614922E-03  -2.91423013E-05   6.29358297E-20   2.91423013E-05
    35   1.22188110E-03  -8.29727743E-06   1.87518321E-20   8.29727743E-06
    36   9.58673036E-04  -2.47218603E-05  -1.42052520E-20   2.47218603E-05
    37   7.51594495E-04  -1.76166415E-05  -7.18280541E-21   1.76166415E-05
    38   5.88810565E-04  -3.28234001E-06  -7.18960176E-20   3.28234001E-06
    39   4.60949602E-04  -4.81970300E-06  -3.33161865E-20   4.81970300E-06
    40   3.60598385E-04   6.71655790E-06  -8.76242996E-20   6.71655790E-06
    41   2.81898564E-04   3.25909947E-06  -4.27465866E-20   3.25909947E-06
    42   2.20225041E-04   4.49297291E-06  -7.29286353E-20   4.49297291E-06
    43   1.71929731E-04   2.73386863E-06  -3.63567961E-20   2.73386863E-06
    44   1.34137798E-04   3.88563256E-10  -5.27064793E-20   3.88563256E-10
    45   1.04585741E-04   6.53607312E-08  -1.38175155E-20   6.53607312E-08
    46   8.14929206E-05  -1.42800641E-06  -4.04889063E-20   1.42800641E-06
    47   6.34597222E-05  -8.43295800E-07   9.28162357E-21   8.43295800E-07
    48   4.93869167E-05  -6.39121167E-07  -3.68070448E-20   6.39121167E-07
    49   3.84118765E-05  -3.63737613E-07   9.07622039E-21   3.63737613E-07
    50   2.98581728E-05   1.60807992E-07  -3.35615253E-20   1.60807992E-07
    51   2.31957859E-05   1.30769615E-07  -6.62743524E-21   1.30769615E-07
    52   1.80097230E-05   2.56015891E-07  -1.82320828E-20   2.56015891E-07
    53   1.39752899E-05   1.79156725E-07  -1.22591055E-20   1.79156725E-07
    54   1.08386229E-05   5.20784579E-08   1.35776796E-20   5.20784579E-08
    55   8.40137532E-06   3.36033381E-08  -6.64311132E-21   3.36033381E-08
    56   6.50868209E-06  -5.49318776E-08   5.52471967E-20   5.49318776E-08
    57   5.03970831E-06  -4.63502974E-08   3.23568130E-22   4.63502974E-08
    58   3.90023325E-06  -3.41751689E-08   9.02104830E-20   3.41751689E-08
    59   3.01683573E-06  -3.22573743E-08   2.92669185E-21   3.22573743E-08
    60   2.33233870E-06   4.36752204E-09   1.07238859E-19   4.36752204E-09
    61   1.80224290E-06   1.25361735E-09   4.09493974E-21   1.25361735E-09
    62   1.39193695E-06   1.13372932E-08   1.06292105E-19   1.13372932E-08
    63   1.07451640E-06   1.14842611E-08   6.56727217E-21   1.14842611E-08
    64   8.29079918E-07   2.52358000E-09   9.25859875E-20   2.52358000E-09
    65   6.39399300E-07   4.68906278E-09   1.29175824E-20   4.68906278E-09
    66   4.92881827E-07  -2.20979693E-09   6.90753630E-20   2.20979693E-09
    67   3.79761337E-07  -1.97114714E-09   1.37570958E-20   1.97114714E-09
    68   2.92467977E-07  -1.33705954E-09   4.11204999E-20   1.33705954E-09
    69   2.25137481E-07  -2.70741471E-09   7.43380833E-21   2.70741471E-09
    70   1.73229321E-07  -1.42968370E-10   1.37383683E-20   1.42968370E-10
